7.040000000000000000e+02 7.650000000000000000e+02 1.363000000000000000e+03 3.170000000000000000e+02
6.920000000000000000e+02 7.510000000000000000e+02 1.420000000000000000e+03 2.970000000000000000e+02
6.930000000000000000e+02 7.660000000000000000e+02 1.421000000000000000e+03 3.130000000000000000e+02
8.700000000000000000e+02 1.210000000000000000e+03 1.610000000000000000e+03 7.870000000000000000e+02
8.750000000000000000e+02 1.207000000000000000e+03 1.616000000000000000e+03 7.840000000000000000e+02
7.040000000000000000e+02 7.510000000000000000e+02 1.483000000000000000e+03 2.940000000000000000e+02
4.710000000000000000e+02 1.106000000000000000e+03 1.215000000000000000e+03 6.690000000000000000e+02
7.150000000000000000e+02 7.630000000000000000e+02 1.375000000000000000e+03 3.160000000000000000e+02
6.510000000000000000e+02 7.550000000000000000e+02 1.467000000000000000e+03 2.940000000000000000e+02
4.750000000000000000e+02 1.115000000000000000e+03 1.219000000000000000e+03 6.790000000000000000e+02
6.050000000000000000e+02 1.142000000000000000e+03 1.372000000000000000e+03 7.110000000000000000e+02
8.550000000000000000e+02 9.530000000000000000e+02 1.593000000000000000e+03 5.140000000000000000e+02
8.650000000000000000e+02 1.231000000000000000e+03 1.605000000000000000e+03 8.090000000000000000e+02
3.860000000000000000e+02 1.201000000000000000e+03 1.194000000000000000e+03 7.690000000000000000e+02
8.750000000000000000e+02 1.216000000000000000e+03 1.615000000000000000e+03 7.920000000000000000e+02
8.660000000000000000e+02 1.205000000000000000e+03 1.607000000000000000e+03 7.820000000000000000e+02
6.090000000000000000e+02 1.130000000000000000e+03 1.373000000000000000e+03 6.970000000000000000e+02
6.340000000000000000e+02 1.172000000000000000e+03 1.406000000000000000e+03 7.430000000000000000e+02
8.270000000000000000e+02 8.210000000000000000e+02 1.569000000000000000e+03 3.720000000000000000e+02
6.340000000000000000e+02 1.139000000000000000e+03 1.406000000000000000e+03 7.100000000000000000e+02
6.080000000000000000e+02 1.172000000000000000e+03 1.373000000000000000e+03 7.420000000000000000e+02
4.980000000000000000e+02 1.011000000000000000e+03 1.245000000000000000e+03 5.660000000000000000e+02
8.210000000000000000e+02 8.390000000000000000e+02 1.562000000000000000e+03 3.920000000000000000e+02
8.530000000000000000e+02 1.098000000000000000e+03 1.592000000000000000e+03 6.670000000000000000e+02
5.360000000000000000e+02 7.350000000000000000e+02 1.520000000000000000e+03 2.460000000000000000e+02
2.460000000000000000e+02 1.209000000000000000e+03 1.106000000000000000e+03 7.710000000000000000e+02
8.430000000000000000e+02 1.005000000000000000e+03 1.582000000000000000e+03 5.680000000000000000e+02
6.050000000000000000e+02 1.094000000000000000e+03 1.375000000000000000e+03 6.590000000000000000e+02
8.470000000000000000e+02 9.530000000000000000e+02 1.585000000000000000e+03 5.150000000000000000e+02
6.570000000000000000e+02 7.460000000000000000e+02 1.380000000000000000e+03 2.910000000000000000e+02
1.830000000000000000e+02 1.125000000000000000e+03 8.280000000000000000e+02 6.810000000000000000e+02
5.750000000000000000e+02 7.790000000000000000e+02 1.353000000000000000e+03 3.180000000000000000e+02
2.900000000000000000e+02 1.289000000000000000e+03 8.760000000000000000e+02 8.600000000000000000e+02
7.130000000000000000e+02 7.260000000000000000e+02 1.491000000000000000e+03 2.700000000000000000e+02
8.660000000000000000e+02 1.215000000000000000e+03 1.607000000000000000e+03 7.960000000000000000e+02
8.670000000000000000e+02 1.144000000000000000e+03 1.608000000000000000e+03 7.170000000000000000e+02
8.500000000000000000e+02 1.004000000000000000e+03 1.591000000000000000e+03 5.680000000000000000e+02
8.220000000000000000e+02 8.560000000000000000e+02 1.563000000000000000e+03 4.090000000000000000e+02
8.420000000000000000e+02 9.630000000000000000e+02 1.580000000000000000e+03 5.240000000000000000e+02
8.600000000000000000e+02 9.320000000000000000e+02 1.597000000000000000e+03 4.920000000000000000e+02
1.910000000000000000e+02 1.138000000000000000e+03 8.360000000000000000e+02 6.970000000000000000e+02
8.500000000000000000e+02 1.021000000000000000e+03 1.588000000000000000e+03 5.860000000000000000e+02
3.960000000000000000e+02 1.181000000000000000e+03 1.115000000000000000e+03 7.480000000000000000e+02
7.900000000000000000e+01 1.143000000000000000e+03 7.900000000000000000e+02 6.990000000000000000e+02
6.200000000000000000e+02 1.178000000000000000e+03 1.389000000000000000e+03 7.490000000000000000e+02
5.120000000000000000e+02 7.530000000000000000e+02 1.257000000000000000e+03 2.910000000000000000e+02
6.320000000000000000e+02 1.053000000000000000e+03 1.405000000000000000e+03 6.150000000000000000e+02
1.210000000000000000e+02 1.262000000000000000e+03 8.340000000000000000e+02 8.330000000000000000e+02
2.540000000000000000e+02 1.222000000000000000e+03 1.033000000000000000e+03 7.870000000000000000e+02
5.060000000000000000e+02 8.840000000000000000e+02 1.258000000000000000e+03 4.310000000000000000e+02
1.130000000000000000e+02 1.198000000000000000e+03 8.640000000000000000e+02 7.650000000000000000e+02
5.280000000000000000e+02 7.280000000000000000e+02 1.512000000000000000e+03 2.390000000000000000e+02
4.990000000000000000e+02 1.172000000000000000e+03 1.284000000000000000e+03 7.390000000000000000e+02
7.350000000000000000e+02 7.380000000000000000e+02 1.519000000000000000e+03 2.820000000000000000e+02
4.030000000000000000e+02 1.164000000000000000e+03 1.044000000000000000e+03 7.290000000000000000e+02
7.480000000000000000e+02 1.119000000000000000e+03 1.273000000000000000e+03 7.140000000000000000e+02
5.200000000000000000e+02 8.610000000000000000e+02 1.265000000000000000e+03 4.060000000000000000e+02
6.330000000000000000e+02 1.069000000000000000e+03 1.406000000000000000e+03 6.320000000000000000e+02
5.490000000000000000e+02 7.520000000000000000e+02 1.536000000000000000e+03 2.670000000000000000e+02
7.440000000000000000e+02 1.193000000000000000e+03 1.536000000000000000e+03 7.680000000000000000e+02
8.410000000000000000e+02 1.023000000000000000e+03 1.581000000000000000e+03 5.890000000000000000e+02
8.470000000000000000e+02 1.104000000000000000e+03 1.586000000000000000e+03 6.740000000000000000e+02
4.510000000000000000e+02 1.180000000000000000e+03 1.185000000000000000e+03 7.480000000000000000e+02
5.300000000000000000e+02 1.161000000000000000e+03 1.310000000000000000e+03 7.300000000000000000e+02
8.600000000000000000e+01 1.152000000000000000e+03 7.980000000000000000e+02 7.110000000000000000e+02
8.300000000000000000e+01 1.112000000000000000e+03 7.910000000000000000e+02 6.720000000000000000e+02
6.050000000000000000e+02 9.860000000000000000e+02 1.367000000000000000e+03 5.430000000000000000e+02
4.920000000000000000e+02 8.850000000000000000e+02 1.241000000000000000e+03 4.320000000000000000e+02
8.460000000000000000e+02 1.033000000000000000e+03 1.586000000000000000e+03 5.990000000000000000e+02
7.260000000000000000e+02 1.183000000000000000e+03 1.515000000000000000e+03 7.560000000000000000e+02
6.200000000000000000e+02 1.188000000000000000e+03 1.389000000000000000e+03 7.600000000000000000e+02
4.050000000000000000e+02 1.181000000000000000e+03 1.044000000000000000e+03 7.470000000000000000e+02
4.710000000000000000e+02 1.222000000000000000e+03 1.251000000000000000e+03 7.950000000000000000e+02
2.030000000000000000e+02 1.168000000000000000e+03 8.480000000000000000e+02 7.300000000000000000e+02
5.170000000000000000e+02 8.830000000000000000e+02 1.265000000000000000e+03 4.300000000000000000e+02
7.400000000000000000e+02 7.050000000000000000e+02 1.520000000000000000e+03 2.460000000000000000e+02
6.200000000000000000e+02 9.850000000000000000e+02 1.387000000000000000e+03 5.420000000000000000e+02
6.520000000000000000e+02 7.710000000000000000e+02 1.375000000000000000e+03 3.160000000000000000e+02
5.060000000000000000e+02 8.920000000000000000e+02 1.258000000000000000e+03 4.450000000000000000e+02
2.460000000000000000e+02 1.183000000000000000e+03 9.010000000000000000e+02 7.480000000000000000e+02
1.460000000000000000e+02 1.188000000000000000e+03 9.380000000000000000e+02 7.490000000000000000e+02
5.530000000000000000e+02 7.650000000000000000e+02 1.305000000000000000e+03 3.050000000000000000e+02
6.970000000000000000e+02 7.400000000000000000e+02 1.427000000000000000e+03 2.860000000000000000e+02
5.180000000000000000e+02 8.390000000000000000e+02 1.264000000000000000e+03 3.840000000000000000e+02
7.400000000000000000e+02 1.183000000000000000e+03 1.532000000000000000e+03 7.560000000000000000e+02
4.810000000000000000e+02 1.062000000000000000e+03 1.230000000000000000e+03 6.210000000000000000e+02
6.750000000000000000e+02 1.246000000000000000e+03 1.462000000000000000e+03 8.220000000000000000e+02
4.860000000000000000e+02 9.380000000000000000e+02 1.233000000000000000e+03 4.880000000000000000e+02
8.620000000000000000e+02 1.128000000000000000e+03 1.603000000000000000e+03 6.990000000000000000e+02
8.550000000000000000e+02 1.117000000000000000e+03 1.595000000000000000e+03 6.870000000000000000e+02
6.100000000000000000e+02 1.042000000000000000e+03 1.368000000000000000e+03 6.030000000000000000e+02
5.720000000000000000e+02 7.630000000000000000e+02 1.351000000000000000e+03 3.020000000000000000e+02
4.530000000000000000e+02 1.168000000000000000e+03 1.187000000000000000e+03 7.290000000000000000e+02
9.600000000000000000e+01 1.260000000000000000e+03 8.060000000000000000e+02 8.260000000000000000e+02
7.200000000000000000e+02 7.130000000000000000e+02 1.264000000000000000e+03 2.770000000000000000e+02
7.410000000000000000e+02 1.102000000000000000e+03 1.274000000000000000e+03 6.950000000000000000e+02
7.270000000000000000e+02 7.060000000000000000e+02 1.270000000000000000e+03 2.700000000000000000e+02
6.120000000000000000e+02 1.007000000000000000e+03 1.378000000000000000e+03 5.670000000000000000e+02
4.680000000000000000e+02 1.199000000000000000e+03 1.194000000000000000e+03 7.690000000000000000e+02
7.180000000000000000e+02 9.110000000000000000e+02 1.364000000000000000e+03 4.710000000000000000e+02
5.170000000000000000e+02 8.220000000000000000e+02 1.263000000000000000e+03 3.650000000000000000e+02
4.980000000000000000e+02 1.221000000000000000e+03 1.536000000000000000e+03 7.680000000000000000e+02
6.250000000000000000e+02 1.112000000000000000e+03 1.395000000000000000e+03 6.770000000000000000e+02
1.360000000000000000e+02 1.237000000000000000e+03 8.560000000000000000e+02 7.980000000000000000e+02
2.340000000000000000e+02 1.221000000000000000e+03 1.013000000000000000e+03 7.840000000000000000e+02
2.170000000000000000e+02 1.222000000000000000e+03 1.071000000000000000e+03 7.870000000000000000e+02
4.690000000000000000e+02 1.210000000000000000e+03 1.248000000000000000e+03 7.790000000000000000e+02
4.820000000000000000e+02 1.221000000000000000e+03 1.272000000000000000e+03 7.950000000000000000e+02
4.820000000000000000e+02 8.990000000000000000e+02 1.230000000000000000e+03 4.490000000000000000e+02
8.510000000000000000e+02 1.176000000000000000e+03 1.595000000000000000e+03 7.510000000000000000e+02
4.790000000000000000e+02 1.212000000000000000e+03 1.261000000000000000e+03 7.820000000000000000e+02
7.500000000000000000e+01 1.169000000000000000e+03 7.860000000000000000e+02 7.260000000000000000e+02
8.600000000000000000e+02 9.040000000000000000e+02 1.597000000000000000e+03 4.620000000000000000e+02
4.090000000000000000e+02 1.217000000000000000e+03 1.013000000000000000e+03 7.840000000000000000e+02
1.910000000000000000e+02 1.180000000000000000e+03 1.587000000000000000e+03 7.140000000000000000e+02
8.500000000000000000e+01 1.183000000000000000e+03 7.980000000000000000e+02 7.430000000000000000e+02
4.590000000000000000e+02 1.181000000000000000e+03 1.230000000000000000e+03 7.480000000000000000e+02
8.520000000000000000e+02 1.185000000000000000e+03 1.595000000000000000e+03 7.600000000000000000e+02
4.900000000000000000e+02 1.157000000000000000e+03 1.271000000000000000e+03 7.280000000000000000e+02
6.420000000000000000e+02 7.710000000000000000e+02 1.340000000000000000e+03 3.160000000000000000e+02
4.930000000000000000e+02 1.212000000000000000e+03 1.532000000000000000e+03 7.560000000000000000e+02
3.920000000000000000e+02 1.169000000000000000e+03 1.203000000000000000e+03 7.290000000000000000e+02
1.710000000000000000e+02 1.159000000000000000e+03 9.660000000000000000e+02 7.250000000000000000e+02
6.100000000000000000e+01 1.199000000000000000e+03 7.720000000000000000e+02 7.600000000000000000e+02
5.290000000000000000e+02 8.840000000000000000e+02 1.281000000000000000e+03 4.390000000000000000e+02
4.980000000000000000e+02 1.074000000000000000e+03 1.243000000000000000e+03 6.370000000000000000e+02
4.850000000000000000e+02 1.182000000000000000e+03 1.270000000000000000e+03 7.490000000000000000e+02
7.600000000000000000e+01 1.153000000000000000e+03 7.870000000000000000e+02 7.160000000000000000e+02
7.350000000000000000e+02 9.100000000000000000e+02 1.446000000000000000e+03 4.670000000000000000e+02
3.770000000000000000e+02 1.218000000000000000e+03 1.048000000000000000e+03 7.870000000000000000e+02
6.100000000000000000e+01 1.182000000000000000e+03 7.720000000000000000e+02 7.410000000000000000e+02
3.390000000000000000e+02 1.218000000000000000e+03 1.563000000000000000e+03 7.770000000000000000e+02
5.940000000000000000e+02 1.055000000000000000e+03 1.362000000000000000e+03 6.170000000000000000e+02
5.050000000000000000e+02 1.106000000000000000e+03 1.243000000000000000e+03 6.710000000000000000e+02
7.320000000000000000e+02 9.310000000000000000e+02 1.518000000000000000e+03 4.880000000000000000e+02
1.970000000000000000e+02 1.221000000000000000e+03 1.013000000000000000e+03 7.840000000000000000e+02
4.950000000000000000e+02 9.070000000000000000e+02 1.244000000000000000e+03 4.650000000000000000e+02
9.400000000000000000e+01 1.218000000000000000e+03 8.070000000000000000e+02 7.810000000000000000e+02
4.670000000000000000e+02 1.249000000000000000e+03 1.243000000000000000e+03 8.180000000000000000e+02
7.300000000000000000e+02 7.000000000000000000e+02 1.507000000000000000e+03 2.470000000000000000e+02
6.350000000000000000e+02 1.001000000000000000e+03 1.405000000000000000e+03 5.600000000000000000e+02
7.430000000000000000e+02 9.880000000000000000e+02 1.530000000000000000e+03 5.500000000000000000e+02
8.300000000000000000e+01 1.227000000000000000e+03 1.563000000000000000e+03 7.770000000000000000e+02
7.490000000000000000e+02 1.141000000000000000e+03 1.544000000000000000e+03 7.120000000000000000e+02
6.930000000000000000e+02 9.310000000000000000e+02 1.463000000000000000e+03 4.890000000000000000e+02
6.890000000000000000e+02 1.246000000000000000e+03 1.475000000000000000e+03 8.220000000000000000e+02
7.590000000000000000e+02 9.050000000000000000e+02 1.553000000000000000e+03 4.620000000000000000e+02
7.490000000000000000e+02 8.080000000000000000e+02 1.530000000000000000e+03 3.470000000000000000e+02
1.540000000000000000e+02 1.312000000000000000e+03 8.750000000000000000e+02 8.900000000000000000e+02
1.850000000000000000e+02 1.223000000000000000e+03 1.293000000000000000e+03 7.900000000000000000e+02
1.340000000000000000e+02 1.222000000000000000e+03 1.532000000000000000e+03 7.560000000000000000e+02
6.770000000000000000e+02 9.140000000000000000e+02 1.272000000000000000e+03 4.770000000000000000e+02
5.230000000000000000e+02 1.140000000000000000e+03 8.480000000000000000e+02 7.300000000000000000e+02
9.400000000000000000e+01 1.237000000000000000e+03 1.563000000000000000e+03 7.770000000000000000e+02
1.660000000000000000e+02 1.221000000000000000e+03 1.007000000000000000e+03 7.870000000000000000e+02
6.240000000000000000e+02 9.150000000000000000e+02 1.446000000000000000e+03 4.670000000000000000e+02
6.640000000000000000e+02 9.150000000000000000e+02 1.272000000000000000e+03 4.770000000000000000e+02
