7.040000000000000000e+02 7.650000000000000000e+02 7.950000000000000000e+02 6.960000000000000000e+02
6.920000000000000000e+02 7.510000000000000000e+02 7.820000000000000000e+02 6.800000000000000000e+02
6.930000000000000000e+02 7.660000000000000000e+02 7.840000000000000000e+02 6.970000000000000000e+02
8.700000000000000000e+02 1.210000000000000000e+03 9.880000000000000000e+02 1.195000000000000000e+03
8.750000000000000000e+02 1.207000000000000000e+03 9.920000000000000000e+02 1.190000000000000000e+03
7.040000000000000000e+02 7.510000000000000000e+02 7.960000000000000000e+02 6.810000000000000000e+02
4.710000000000000000e+02 1.106000000000000000e+03 5.380000000000000000e+02 1.080000000000000000e+03
7.150000000000000000e+02 7.630000000000000000e+02 8.090000000000000000e+02 6.940000000000000000e+02
6.510000000000000000e+02 7.550000000000000000e+02 7.360000000000000000e+02 6.850000000000000000e+02
4.750000000000000000e+02 1.115000000000000000e+03 5.430000000000000000e+02 1.090000000000000000e+03
6.050000000000000000e+02 1.142000000000000000e+03 6.870000000000000000e+02 1.119000000000000000e+03
8.550000000000000000e+02 9.530000000000000000e+02 9.670000000000000000e+02 9.050000000000000000e+02
8.650000000000000000e+02 1.231000000000000000e+03 9.800000000000000000e+02 1.217000000000000000e+03
3.860000000000000000e+02 1.201000000000000000e+03 4.450000000000000000e+02 1.186000000000000000e+03
8.750000000000000000e+02 1.216000000000000000e+03 9.910000000000000000e+02 1.200000000000000000e+03
8.660000000000000000e+02 1.205000000000000000e+03 9.810000000000000000e+02 1.188000000000000000e+03
6.090000000000000000e+02 1.130000000000000000e+03 6.920000000000000000e+02 1.106000000000000000e+03
6.340000000000000000e+02 1.172000000000000000e+03 7.210000000000000000e+02 1.153000000000000000e+03
8.270000000000000000e+02 8.210000000000000000e+02 9.360000000000000000e+02 7.570000000000000000e+02
6.340000000000000000e+02 1.139000000000000000e+03 7.210000000000000000e+02 1.117000000000000000e+03
6.080000000000000000e+02 1.172000000000000000e+03 6.920000000000000000e+02 1.153000000000000000e+03
4.980000000000000000e+02 1.011000000000000000e+03 5.670000000000000000e+02 9.730000000000000000e+02
8.210000000000000000e+02 8.390000000000000000e+02 9.290000000000000000e+02 7.780000000000000000e+02
8.530000000000000000e+02 1.098000000000000000e+03 9.660000000000000000e+02 1.069000000000000000e+03
5.360000000000000000e+02 7.350000000000000000e+02 6.080000000000000000e+02 6.640000000000000000e+02
2.460000000000000000e+02 1.209000000000000000e+03 2.900000000000000000e+02 1.195000000000000000e+03
8.430000000000000000e+02 1.005000000000000000e+03 9.540000000000000000e+02 9.630000000000000000e+02
6.050000000000000000e+02 1.094000000000000000e+03 6.870000000000000000e+02 1.066000000000000000e+03
8.470000000000000000e+02 9.530000000000000000e+02 9.590000000000000000e+02 9.060000000000000000e+02
6.570000000000000000e+02 7.460000000000000000e+02 7.210000000000000000e+02 6.760000000000000000e+02
1.830000000000000000e+02 1.125000000000000000e+03 2.200000000000000000e+02 1.103000000000000000e+03
5.750000000000000000e+02 7.790000000000000000e+02 6.470000000000000000e+02 7.130000000000000000e+02
2.900000000000000000e+02 1.289000000000000000e+03 3.400000000000000000e+02 1.284000000000000000e+03
7.130000000000000000e+02 7.260000000000000000e+02 8.050000000000000000e+02 6.520000000000000000e+02
8.660000000000000000e+02 1.215000000000000000e+03 9.820000000000000000e+02 1.200000000000000000e+03
8.670000000000000000e+02 1.144000000000000000e+03 9.820000000000000000e+02 1.120000000000000000e+03
8.500000000000000000e+02 1.004000000000000000e+03 9.620000000000000000e+02 9.630000000000000000e+02
8.220000000000000000e+02 8.560000000000000000e+02 9.290000000000000000e+02 8.010000000000000000e+02
8.420000000000000000e+02 9.630000000000000000e+02 9.520000000000000000e+02 9.170000000000000000e+02
8.600000000000000000e+02 9.320000000000000000e+02 9.730000000000000000e+02 8.810000000000000000e+02
1.910000000000000000e+02 1.138000000000000000e+03 2.290000000000000000e+02 1.117000000000000000e+03
8.500000000000000000e+02 1.021000000000000000e+03 9.610000000000000000e+02 9.830000000000000000e+02
3.960000000000000000e+02 1.181000000000000000e+03 4.560000000000000000e+02 1.164000000000000000e+03
7.900000000000000000e+01 1.143000000000000000e+03 1.060000000000000000e+02 1.124000000000000000e+03
6.200000000000000000e+02 1.178000000000000000e+03 7.040000000000000000e+02 1.160000000000000000e+03
5.120000000000000000e+02 7.530000000000000000e+02 5.800000000000000000e+02 6.850000000000000000e+02
6.320000000000000000e+02 1.053000000000000000e+03 7.180000000000000000e+02 1.020000000000000000e+03
1.210000000000000000e+02 1.262000000000000000e+03 1.530000000000000000e+02 1.254000000000000000e+03
2.540000000000000000e+02 1.222000000000000000e+03 2.980000000000000000e+02 1.209000000000000000e+03
5.060000000000000000e+02 8.840000000000000000e+02 5.750000000000000000e+02 8.320000000000000000e+02
1.130000000000000000e+02 1.198000000000000000e+03 1.430000000000000000e+02 1.184000000000000000e+03
5.280000000000000000e+02 7.280000000000000000e+02 6.000000000000000000e+02 6.560000000000000000e+02
4.990000000000000000e+02 1.172000000000000000e+03 5.680000000000000000e+02 1.154000000000000000e+03
7.350000000000000000e+02 7.380000000000000000e+02 8.310000000000000000e+02 6.650000000000000000e+02
4.030000000000000000e+02 1.164000000000000000e+03 4.630000000000000000e+02 1.144000000000000000e+03
7.480000000000000000e+02 1.119000000000000000e+03 8.480000000000000000e+02 1.093000000000000000e+03
5.200000000000000000e+02 8.610000000000000000e+02 5.900000000000000000e+02 8.080000000000000000e+02
6.330000000000000000e+02 1.069000000000000000e+03 7.180000000000000000e+02 1.037000000000000000e+03
5.490000000000000000e+02 7.520000000000000000e+02 6.220000000000000000e+02 6.830000000000000000e+02
7.440000000000000000e+02 1.193000000000000000e+03 8.430000000000000000e+02 1.175000000000000000e+03
8.410000000000000000e+02 1.023000000000000000e+03 9.550000000000000000e+02 9.850000000000000000e+02
8.470000000000000000e+02 1.104000000000000000e+03 9.590000000000000000e+02 1.075000000000000000e+03
4.510000000000000000e+02 1.180000000000000000e+03 5.160000000000000000e+02 1.162000000000000000e+03
5.300000000000000000e+02 1.161000000000000000e+03 6.050000000000000000e+02 1.141000000000000000e+03
8.600000000000000000e+01 1.152000000000000000e+03 1.130000000000000000e+02 1.134000000000000000e+03
8.300000000000000000e+01 1.112000000000000000e+03 1.100000000000000000e+02 1.089000000000000000e+03
6.050000000000000000e+02 9.860000000000000000e+02 6.870000000000000000e+02 9.440000000000000000e+02
4.920000000000000000e+02 8.850000000000000000e+02 5.600000000000000000e+02 8.310000000000000000e+02
8.460000000000000000e+02 1.033000000000000000e+03 9.580000000000000000e+02 9.960000000000000000e+02
7.260000000000000000e+02 1.183000000000000000e+03 8.230000000000000000e+02 1.165000000000000000e+03
6.200000000000000000e+02 1.188000000000000000e+03 7.050000000000000000e+02 1.171000000000000000e+03
4.050000000000000000e+02 1.181000000000000000e+03 4.660000000000000000e+02 1.163000000000000000e+03
4.710000000000000000e+02 1.222000000000000000e+03 5.390000000000000000e+02 1.209000000000000000e+03
2.030000000000000000e+02 1.168000000000000000e+03 2.410000000000000000e+02 1.148000000000000000e+03
5.170000000000000000e+02 8.830000000000000000e+02 5.880000000000000000e+02 8.310000000000000000e+02
7.400000000000000000e+02 7.050000000000000000e+02 8.370000000000000000e+02 6.290000000000000000e+02
6.200000000000000000e+02 9.850000000000000000e+02 7.030000000000000000e+02 9.440000000000000000e+02
6.520000000000000000e+02 7.710000000000000000e+02 7.380000000000000000e+02 7.020000000000000000e+02
5.060000000000000000e+02 8.920000000000000000e+02 5.750000000000000000e+02 8.400000000000000000e+02
2.460000000000000000e+02 1.183000000000000000e+03 2.900000000000000000e+02 1.166000000000000000e+03
1.460000000000000000e+02 1.188000000000000000e+03 1.800000000000000000e+02 1.173000000000000000e+03
5.530000000000000000e+02 7.650000000000000000e+02 6.270000000000000000e+02 6.980000000000000000e+02
6.970000000000000000e+02 7.400000000000000000e+02 7.880000000000000000e+02 6.690000000000000000e+02
5.180000000000000000e+02 8.390000000000000000e+02 5.880000000000000000e+02 7.830000000000000000e+02
7.400000000000000000e+02 1.183000000000000000e+03 8.390000000000000000e+02 1.165000000000000000e+03
4.810000000000000000e+02 1.062000000000000000e+03 5.490000000000000000e+02 1.030000000000000000e+03
6.750000000000000000e+02 1.246000000000000000e+03 7.670000000000000000e+02 1.235000000000000000e+03
4.860000000000000000e+02 9.380000000000000000e+02 5.520000000000000000e+02 8.910000000000000000e+02
8.620000000000000000e+02 1.128000000000000000e+03 9.760000000000000000e+02 1.102000000000000000e+03
8.550000000000000000e+02 1.117000000000000000e+03 9.680000000000000000e+02 1.090000000000000000e+03
6.100000000000000000e+02 1.042000000000000000e+03 6.930000000000000000e+02 1.007000000000000000e+03
5.720000000000000000e+02 7.630000000000000000e+02 6.480000000000000000e+02 6.950000000000000000e+02
4.530000000000000000e+02 1.168000000000000000e+03 5.190000000000000000e+02 1.149000000000000000e+03
9.600000000000000000e+01 1.260000000000000000e+03 1.250000000000000000e+02 1.253000000000000000e+03
7.200000000000000000e+02 7.130000000000000000e+02 8.130000000000000000e+02 6.370000000000000000e+02
7.410000000000000000e+02 1.102000000000000000e+03 8.390000000000000000e+02 1.074000000000000000e+03
7.270000000000000000e+02 7.060000000000000000e+02 8.220000000000000000e+02 6.290000000000000000e+02
6.120000000000000000e+02 1.007000000000000000e+03 6.950000000000000000e+02 9.700000000000000000e+02
4.680000000000000000e+02 1.199000000000000000e+03 5.350000000000000000e+02 1.182000000000000000e+03
7.180000000000000000e+02 9.110000000000000000e+02 8.140000000000000000e+02 8.590000000000000000e+02
5.170000000000000000e+02 8.220000000000000000e+02 5.870000000000000000e+02 7.620000000000000000e+02
4.980000000000000000e+02 1.221000000000000000e+03 5.710000000000000000e+02 1.212000000000000000e+03
6.250000000000000000e+02 1.112000000000000000e+03 7.080000000000000000e+02 1.085000000000000000e+03
1.360000000000000000e+02 1.237000000000000000e+03 1.700000000000000000e+02 1.227000000000000000e+03
2.340000000000000000e+02 1.221000000000000000e+03 2.760000000000000000e+02 1.208000000000000000e+03
2.170000000000000000e+02 1.222000000000000000e+03 2.590000000000000000e+02 1.210000000000000000e+03
4.690000000000000000e+02 1.210000000000000000e+03 5.370000000000000000e+02 1.196000000000000000e+03
4.820000000000000000e+02 1.221000000000000000e+03 5.510000000000000000e+02 1.208000000000000000e+03
4.820000000000000000e+02 8.990000000000000000e+02 5.480000000000000000e+02 8.470000000000000000e+02
8.510000000000000000e+02 1.176000000000000000e+03 9.640000000000000000e+02 1.156000000000000000e+03
4.790000000000000000e+02 1.212000000000000000e+03 5.470000000000000000e+02 1.198000000000000000e+03
7.500000000000000000e+01 1.169000000000000000e+03 1.010000000000000000e+02 1.154000000000000000e+03
8.600000000000000000e+02 9.040000000000000000e+02 9.730000000000000000e+02 8.510000000000000000e+02
4.090000000000000000e+02 1.217000000000000000e+03 4.700000000000000000e+02 1.204000000000000000e+03
1.910000000000000000e+02 1.180000000000000000e+03 2.290000000000000000e+02 1.164000000000000000e+03
8.500000000000000000e+01 1.183000000000000000e+03 1.120000000000000000e+02 1.169000000000000000e+03
4.590000000000000000e+02 1.181000000000000000e+03 5.250000000000000000e+02 1.165000000000000000e+03
8.520000000000000000e+02 1.185000000000000000e+03 9.660000000000000000e+02 1.165000000000000000e+03
4.900000000000000000e+02 1.157000000000000000e+03 5.590000000000000000e+02 1.137000000000000000e+03
6.420000000000000000e+02 7.710000000000000000e+02 7.270000000000000000e+02 7.030000000000000000e+02
4.930000000000000000e+02 1.212000000000000000e+03 5.640000000000000000e+02 1.198000000000000000e+03
3.920000000000000000e+02 1.169000000000000000e+03 4.520000000000000000e+02 1.151000000000000000e+03
1.710000000000000000e+02 1.159000000000000000e+03 2.060000000000000000e+02 1.141000000000000000e+03
6.100000000000000000e+01 1.199000000000000000e+03 8.700000000000000000e+01 1.186000000000000000e+03
5.290000000000000000e+02 8.840000000000000000e+02 6.000000000000000000e+02 8.310000000000000000e+02
4.980000000000000000e+02 1.074000000000000000e+03 5.660000000000000000e+02 1.047000000000000000e+03
4.850000000000000000e+02 1.182000000000000000e+03 5.550000000000000000e+02 1.164000000000000000e+03
7.600000000000000000e+01 1.153000000000000000e+03 1.030000000000000000e+02 1.135000000000000000e+03
7.350000000000000000e+02 9.100000000000000000e+02 8.320000000000000000e+02 8.590000000000000000e+02
3.770000000000000000e+02 1.218000000000000000e+03 4.320000000000000000e+02 1.206000000000000000e+03
6.100000000000000000e+01 1.182000000000000000e+03 8.600000000000000000e+01 1.167000000000000000e+03
3.390000000000000000e+02 1.218000000000000000e+03 3.930000000000000000e+02 1.205000000000000000e+03
5.940000000000000000e+02 1.055000000000000000e+03 6.750000000000000000e+02 1.022000000000000000e+03
5.050000000000000000e+02 1.106000000000000000e+03 5.760000000000000000e+02 1.080000000000000000e+03
7.320000000000000000e+02 9.310000000000000000e+02 8.280000000000000000e+02 8.830000000000000000e+02
1.970000000000000000e+02 1.221000000000000000e+03 2.380000000000000000e+02 1.209000000000000000e+03
4.950000000000000000e+02 9.070000000000000000e+02 5.650000000000000000e+02 8.580000000000000000e+02
9.400000000000000000e+01 1.218000000000000000e+03 1.230000000000000000e+02 1.206000000000000000e+03
4.670000000000000000e+02 1.249000000000000000e+03 5.360000000000000000e+02 1.239000000000000000e+03
7.300000000000000000e+02 7.000000000000000000e+02 8.290000000000000000e+02 6.210000000000000000e+02
6.350000000000000000e+02 1.001000000000000000e+03 7.200000000000000000e+02 9.610000000000000000e+02
7.430000000000000000e+02 9.880000000000000000e+02 8.410000000000000000e+02 9.460000000000000000e+02
8.300000000000000000e+01 1.227000000000000000e+03 1.110000000000000000e+02 1.217000000000000000e+03
7.490000000000000000e+02 1.141000000000000000e+03 8.490000000000000000e+02 1.118000000000000000e+03
6.930000000000000000e+02 9.310000000000000000e+02 7.850000000000000000e+02 8.820000000000000000e+02
6.890000000000000000e+02 1.246000000000000000e+03 7.820000000000000000e+02 1.235000000000000000e+03
7.590000000000000000e+02 9.050000000000000000e+02 8.580000000000000000e+02 8.530000000000000000e+02
7.490000000000000000e+02 8.080000000000000000e+02 8.470000000000000000e+02 7.470000000000000000e+02
1.540000000000000000e+02 1.312000000000000000e+03 1.900000000000000000e+02 1.310000000000000000e+03
1.850000000000000000e+02 1.223000000000000000e+03 2.240000000000000000e+02 1.211000000000000000e+03
1.340000000000000000e+02 1.222000000000000000e+03 1.670000000000000000e+02 1.210000000000000000e+03
6.770000000000000000e+02 9.140000000000000000e+02 7.630000000000000000e+02 8.610000000000000000e+02
5.230000000000000000e+02 1.140000000000000000e+03 5.960000000000000000e+02 1.118000000000000000e+03
9.400000000000000000e+01 1.237000000000000000e+03 1.240000000000000000e+02 1.228000000000000000e+03
1.660000000000000000e+02 1.221000000000000000e+03 2.020000000000000000e+02 1.210000000000000000e+03
6.240000000000000000e+02 9.150000000000000000e+02 7.060000000000000000e+02 8.650000000000000000e+02
6.640000000000000000e+02 9.150000000000000000e+02 7.530000000000000000e+02 8.660000000000000000e+02
